843
847
844
834
848
838
839
845
841
853
844
842
838
842
839
844
841
844
844
842
838
839
839
844
847
845
852
848
839
838
835
846
857
838
844
834
838
838
834
837
840
847
842
850
858
867
876
867
876
855
826
822
842
839
852
833
844
852
850
842
839
848
852
857
852
844
850
842
842
848
847
857
864
854
850
854
854
850
864
865
868
868
862
862
854
862
860
857
860
855
839
848
842
850
844
845
837
844
830
838
850
834
836
845
838
845
842
838
838
839
847
840
844
844
842
848
834
838
844
841
844
852
839
838
842
839
844
841
847
836
834
842
838
827
845
841
839
844
834
835
842
834
844
833
845
838
842
834
848
834
841
844
852
835
842
851
838
844
840
844
852
842
834
827
844
833
847
852
842
851
870
867
876
859
868
846
834
827
850
830
844
841
836
852
842
838
842
842
847
841
845
846
854
848
842
850
860
847
853
852
858
859
854
850
864
857
864
876
862
859
862
858
852
857
852
852
850
848
850
839
839
841
831
852
838
835
842
838
844
843
852
823
842
834
842
831
841
852
844
834
848
842
834
844
843
837
844
839
834
842
850
837
841
847
839
848
830
834
835
836
841
852
836
842
830
834
844
841
837
838
842
842
834
838
836
833
847
836
842
842
850
838
836
841
846
852
843
842
838
842
844
841
836
844
834
839
830
835
837
841
836
838
843
850
870
874
868
865
868
818
827
839
850
838
843
844
844
854
838
838
850
852
857
844
848
850
850
839
852
849
864
868
858
850
870
863
864
875
878
892
871
890
854
870
916
893
887
878
850
902
890
883
884
889
868
900
870
882
850
850
868
905
829
884
898
880
898
898
852
873
911
903
914
850
850
883
860
911
924
924
866
880
858
924
921
908
917
838
883
982
858
924
845
908
924
914
938
914
893
927
852
868
890
827
944
834
892
863
965
884
912
918
918
922
956
1023
898
859
842
838
871
889
909
884
867
899
838
835
917
895
885
901
898
978
838
880
900
891
956
884
866
863
898
863
924
857
876
876
870
882
887
880
884
891
884
876
898
875
898
898
876
893
892
901
898
903
882
874
908
905
908
892
898
898
882
899
901
889
884
876
880
874
898
883
868
905
900
864
882
870
882
896
892
873
884
895
886
886
883
884
877
869
893
886
870
887
862
895
877
884
882
880
880
882
876
875
876
878
890
871
882
871
876
873
877
884
874
867
880
870
879
873
884
879
880
882
874
874
879
873
876
884
866
866
874
863
876
873
879
870
871
880
898
898
916
889
893
892
858
858
874
863
878
879
868
874
866
882
866
871
872
869
876
870
863
870
866
871
857
855
876
851
862
858
850
876
857
885
864
834
843
848
827
772
833
804
836
822
795
726
838
908
777
836
800
818
838
882
836
825
788
836
831
838
802
786
844
809
844
830
794
803
790
826
884
841
813
845
843
784
806
818
768
839
790
798
806
830
746
805
777
788
823
831
806
823
772
817
830
724
802
818
786
819
804
781
884
812
722
866
786
783
801
820
821
834
806
822
774
807
777
838
822
806
830
794
756
817
805
854
838
730
851
880
836
769
820
820
816
819
818
816
855
803
812
820
823
839
842
850
820
825
828
830
854
851
830
806
820
809
828
864
823
834
826
823
827
836
852
834
827
830
822
820
825
836
812
810
810
816
812
809
820
822
810
806
806
806
812
819
805
813
810
806
816
812
815
820
814
816
810
818
802
812
809
812
828
806
803
810
810
812
809
814
811
810
807
816
812
813
814
814
818
818
803
806
823
825
836
820
838
822
842
826
847
815
807
852
826
802
826
791
833
804
838
858
882
858
854
836
815
868
908
842
863
851
890
941
797
812
868
850
887
818
795
901
832
828
948
882
859
882
908
811
940
831
839
914
818
850
877
827
836
892
966
818
886
826
869
991
892
884
966
826
874
806
844
889
821
820
784
835
862
786
764
832
911
828
834
906
806
866
869
879
844
864
854
870
810
926
836
905
852
830
818
774
798
863
828
847
1012
826
892
841
828
848
818
880
818
916
757
839
860
802
848
855
831
822
813
852
823
831
862
807
837
845
830
844
826
850
838
822
804
841
844
818
822
830
835
844
835
836
846
854
882
890
851
864
895
836
838
838
838
851
852
857
852
860
831
854
826
842
853
845
855
868
839
842
850
850
852
857
864
864
850
850
854
862
860
857
876
855
850
858
851
860
841
876
852
839
810
822
839
828
819
831
820
818
834
818
798
836
813
804
806
790
818
854
810
836
811
780
829
818
786
816
807
836
757
828
828
842
802
875
746
857
796
780
784
882
838
816
837
797
804
864
738
850
762
820
777
800
836
798
790
822
784
756
797
853
768
838
798
802
783
835
836
852
806
862
822
838
860
808
804
812
784
810
790
786
815
819
820
812
734
787
834
862
790
769
815
768
798
822
791
869
841
812
836
826
850
786
784
836
863
860
838
786
790
839
818
807
771
800
823
818
794
806
827
789
833
788
780
775
810
834
806
804
777
828
814
770
818
810
810
796
765
781
828
794
790
798
836
793
780
820
734
818
802
784
780
840
804
828
810
822
767
816
800
825
805
772
818
771
784
803
804
793
839
868
754
799
770
806
800
825
780
815
818
786
822
791
796
825
815
789
838
803
818
890
804
793
768
782
806
818
823
784
813
841
831
759
867
810
784
796
819
748
852
818
799
790
835
788
849
820
820
850
830
816
799
804
833
815
838
784
810
786
818
844
795
788
804
791
803
818
784
756
813
783
732
803
767
830
726
804
761
751
852
775
763
758
842
756
765
764
800
778
794
774
844
704
773
814
806
754
827
770
740
781
788
814
723
763
826
770
772
797
815
836
734
726
831
790
813
843
756
790
784
794
816
794
743
781
772
740
822
698
802
779
788
811
852
844
735
830
794
764
777
764
830
771
795
715
794
804
793
804
807
762
786
806
818
788
725
844
764
834
727
802
755
868
801
804
748
898
822
818
870
780
751
820
831
758
855
722
858
812
777
828
780